2.5502742278461064 3.001883860165297 
2.556100916865456 3.01941871436453 
2.5617604812405537 3.036998371809007 
2.5672543834158907 3.0546223381037576 
2.572584085835959 3.072290118853814 
2.5777510509452526 3.0900012196642113 
2.582756741188259 3.107755146139977 
2.5876026190094716 3.1255514038861443 
2.5922901468533834 3.1433894985077457 
2.596820787164484 3.161268935609813 
2.6011960023872653 3.179189220797378 
2.6054172549662202 3.1971498596754717 
2.609486007345841 3.2151503578491285 
2.6134037219706165 3.233190220923376 
2.6171718612850405 3.251268954503249 
2.620791887733603 3.269386064193778 
2.6242652637607975 3.2875410555999967 
2.6275934518111144 3.3057334343269353 
2.630777914329046 3.323962705979626 
2.633820113759084 3.3422283761631006 
2.6367215125457193 3.3605299504823907 
2.639483573133445 3.3788669345425295 
2.642107757966751 3.3972388339485478 
2.6445955294901284 3.415645154305476 
2.646948350148072 3.434085401218349 
2.64916768238507 3.4525590802921955 
2.6512549886456167 3.4710656971320493 
2.653211731374202 3.4896047573429416 
2.655039373015319 3.508175766529906 
2.6567393760134568 3.5267782302979698 
2.658313202813111 3.54541165425217 
2.659762315858769 3.564075543997535 
2.6610881775949258 3.582769405139099 
2.66229225046607 3.601492743281891 
2.663375996916696 3.620245064030945 
2.664340879391295 3.6390258729912937 
2.6651883603343567 3.6578346757679654 
2.6659199021903754 3.6766709779659963 
2.6665369674038404 3.695534285190415 
2.6670410184192446 3.7144241030462535 
2.6674335176810793 3.7333399371385454 
2.6677159276338362 3.752281293072321 
2.6678897107220068 3.771247676452613 
2.6679563293900825 3.790238592884453 
2.667917246082557 3.8092535479728737 
2.667773923243918 3.828292047322904 
2.6675278233186615 3.8473535965395795 
2.6671804087512765 3.8664377012279294 
2.666733141986254 3.8855438669929874 
2.6661874854680887 3.904671599439784 
2.6655449016412684 3.92382040417335 
2.6648068529502886 3.9429897867987203 
2.6639748018396374 3.9621792529209237 
2.663050210753809 3.981388308144995 
2.662034542137294 4.000616458075963 
2.6609292584345843 4.019863208318862 
2.659735822090171 4.039128064478722 
2.6584556955485468 4.0584105321605755 
2.6570903412542024 4.077710116969455 
2.6556412216516296 4.097026324510391 
2.654109799185321 4.116358660388419 
2.652497536299766 4.1357066302085626 
2.650805895439459 4.155069739575863 
2.64903633904889 4.174447494095347 
2.647190329572551 4.193839399372048 
2.6452693294549334 4.213244961010997 
2.6432748011405294 4.232663684617225 
2.64120820707383 4.252095075795766 
2.6390710096993257 4.271538640151649 
2.6368646714615127 4.290993883289911 
2.634590654804877 4.310460310815578 
2.6322504221739136 4.329937428333684 
2.6298454360131136 4.349424741449263 
2.6273771587669676 4.368921755767343 
2.624847052879969 4.3884279768929595 
2.6222565807966074 4.4079429104311405 
2.619607204961377 4.427466061986923 
2.6169003878187653 4.446996937165331 
2.614137591813269 4.466535041571405 
2.6113202793893766 4.4860798808101725 
2.60844991299158 4.5056309604866644 
2.6055279550643715 4.525187786205914 
2.6025558680522427 4.544749863572955 
2.5995351143996857 4.564316698192816 
2.5964671565511894 4.583887795670528 
2.5933534569512497 4.60346266161113 
2.590195478044355 4.623040801619643 
2.5869946822749985 4.642621721301108 
2.5837525320876713 4.662204926260553 
2.5804704899268645 4.681789922103009 
2.5771500182370715 4.701376214433511 
2.5737925794627814 4.720963308857087 
2.5703996360484886 4.740550710978773 
2.5669726504386823 4.760137926403596 
2.5635130850778567 4.779724460736591 
2.5600224024105005 4.79930981958279 
2.556502064881107 4.818893508547224 
2.552953534934169 4.838475033234925 
2.5493782750141754 4.8580538992509235 
2.54577774756562 4.877629612200255 
2.5421534150329927 4.897201677687946 
2.5385067398607872 4.916769601319034 
2.534839184493493 4.936332888698545 
2.531152211375604 4.955891045431517 
2.5274472829516097 4.975443577122976 
2.523725861666003 4.9949899893779595 
2.5199894099632756 5.014529787801496 
2.516239390287918 5.034062477998614 
2.512477265084424 5.053587565574354 
2.508704496797282 5.073104556133738 
2.504922547870987 5.0926129552818065 
2.5011328807500286 5.112112268623585 
2.497336957878899 5.13160200176411 
2.49353624170209 5.15108166030841 
2.489732194664092 5.170550749861519 
2.485926279209399 5.190008776028468 
2.482119957782501 5.209455244414288 
2.47831469282789 5.22888966062401 
2.474511946790057 5.2483115302626695 
2.470713182113495 5.267720358935295 
2.4669198612426952 5.287115652246921 
2.463133446622148 5.306496915802578 
2.4593554006963467 5.325863655207296 
2.455587185909782 5.34521537606611 
2.4518302647069463 5.364551583984048 
2.4480860995323304 5.383871784566147 
2.4443561528304256 5.403175483417434 
2.440641887045725 5.422462186142944 
2.43694476462272 5.4417313983477085 
2.4332662480059004 5.460982625636758 
2.4296077996397596 5.480215373615123 
2.4259708819687886 5.49942914788784 
2.42235695743748 5.518623454059936 
2.418767488490324 5.537797797736445 
2.4152039375718126 5.556951684522399 
2.411667767126439 5.576084620022831 
2.408160439598692 5.59519610984277 
2.404683417433066 5.614285659587249 
2.4012381630740514 5.633352774861301 
2.3978261389661393 5.652396961269956 
2.3944488075538226 5.671417724418247 
2.391107631281592 5.690414569911205 
2.387804072593939 5.7093870033538625 
2.384539593935356 5.728334530351251 
2.381315657750335 5.747256656508403 
2.378133726483366 5.7661528874303505 
2.3749952625789423 5.785022728722123 
2.3719017284815544 5.803865685988756 
2.368854586635695 5.822681264835278 
2.3658552994858546 5.841468970866723 
2.362905329476525 5.860228309688121 
2.3600061390521994 5.878958786904505 
2.3571591906573675 5.897659908120907 
2.3543659467365217 5.916331178942359 
2.3516278697341537 5.934972104973893 
2.3489464220947553 5.953582191820539 
2.3463230662628174 5.972160945087329 
2.3437592646828325 5.990707870379296 
2.3412564797992923 6.009222473301474 
2.3388161740566877 6.027704259458891 
2.3364398098995105 6.04615273445658 
2.3341288497722528 6.064567403899574 
2.3318847561194067 6.082947773392904 
2.329708991385462 6.101293348541603 
2.327603018014911 6.119603634950698 
2.3255682984522474 6.1378781382252265 
2.3236062951419605 6.156116363970218 
2.3217184705285425 6.174317817790706 
2.3199062870564853 6.192482005291719 
2.318171207170281 6.210608432078294 
2.3165146933144203 6.228696603755457 
2.314938207933395 6.246746025928243 
2.3134432134716976 6.264756204201683 
2.3120311723738185 6.2827266441808085 
2.3107035470842505 6.300656851470654 
2.3094618000474845 6.318546331676249 
2.3083073937080125 6.336394590402624 
2.307241790510326 6.354201133254813 
2.3062664528989165 6.3719654658378495 
2.305382843318276 6.389687093756761 
2.3045924242128955 6.4073655226165815 
2.3038966580272677 6.425000258022344 
2.303297007205883 6.442590805579078 
2.3027949341932343 6.460136670891817 
2.302391901433812 6.477637359565591 
2.302089371372109 6.495092377205436 
2.3018888064526157 6.512501229416378 
2.3017916691198246 6.529863421803453 
2.301799421818227 6.547178459971692 
2.3019135269923146 6.564445849526126 
2.302135447086579 6.581665096071787 
2.3024666445455124 6.598835705213708 
2.3029085818136057 6.61595718255692 
2.3034627213353502 6.633029033706455 
2.3041305255552387 6.650050764267343 
2.304913456917762 6.667021879844619 
2.305812977867413 6.683941886043314 
2.306830550848681 6.700810288468457 
2.307967638306059 6.717626592725083 
2.30922570268404 6.734390304418223 
2.310606206427113 6.751100929152908 
2.3121106119797714 6.767757972534171 
2.3137403817865065 6.784360940167043 
2.31549697829181 6.800909337656556 
2.3173818639401724 6.817402670607742 
2.3193965011760866 6.833840444625633 
2.321542352444044 6.850222165315261 
2.3238208801885367 6.866547338281657 
2.3262335468540556 6.882815469129852 
2.3287818148850925 6.8990260634648815 
2.3314671467261388 6.915178626891773 
2.334291004821687 6.931272665015562 
2.3372548516162275 6.947307683441277 
2.340360149554253 6.963283187773952 
2.343608361080255 6.97919868361862 
2.3470009486387244 6.995053676580309 
2.350539374674154 7.010847672264053 
2.3542251016310343 7.026580176274885 
2.3580595919538574 7.042250694217835 
2.362044308087115 7.0578587316979355 
2.3661807124752987 7.0734037943202175 
2.3704702675629004 7.088885387689714 
2.374914435794411 7.104303017411457 
2.379514679614324 7.119656189090478 
2.3842724614671282 7.134944408331807 
2.389189243797318 7.15016718074048 
2.3942664890493823 7.165324011921524 
2.399505659667815 7.180414407479975 
2.404908218097107 7.195437873020861 
2.410475626781749 7.210393914149215 
2.416209348166235 7.225282036470072 
