0.903707178956649 2.269503021596071 
0.9221051358685396 2.2709923367016547 
0.9405307592581016 2.2724806564937388 
0.9589837745546701 2.2739681495140167 
0.9774639071875815 2.2754549843041834 
0.9959708825861711 2.276941329405932 
1.014504426179775 2.2784273533609567 
1.0330642633977285 2.279913224710952 
1.0516501196693677 2.281399111997612 
1.0702617204240281 2.2828851837626294 
1.0888987910910457 2.2843716085477004 
1.1075610570997558 2.2858585548945163 
1.1262482438794947 2.287346191344774 
1.1449600768595973 2.2888346864401656 
1.1636962814694003 2.290324208722386 
1.1824565831382388 2.2918149267331285 
1.2012407072954485 2.2933070090140877 
1.2200483793703656 2.2948006241069563 
1.2388793247923253 2.2962959405534313 
1.2577332689906637 2.297793126895203 
1.2766099373947168 2.299292351673969 
1.2955090554338193 2.3007937834314203 
1.3144303485373077 2.302297590709253 
1.333373542134518 2.30380394204916 
1.3523383616547857 2.305313005992836 
1.371324532527446 2.3068249510819743 
1.390331780181835 2.308339945858269 
1.4093598300472883 2.309858158863415 
1.428408407553142 2.311379758639105 
1.447477238128732 2.312904913727035 
1.4665660472033926 2.3144337926688965 
1.4856745602064616 2.315966564006386 
1.504802502567273 2.3175033962811953 
1.5239495997151637 2.3190444580350205 
1.543115577079469 2.3205899178095537 
1.5623001600895245 2.3221399441464903 
1.5815030741746658 2.323694705587523 
1.600724044764229 2.325254370674347 
1.6199627972875497 2.326819107948656 
1.639219057173964 2.3283890859521446 
1.6584925498528065 2.329964473226505 
1.6777830007534142 2.3315454383134333 
1.6970901353051215 2.3331321497546216 
1.7164136789372662 2.3347247760917664 
1.7357533570791823 2.336323485866559 
1.755108895160206 2.3379284476206954 
1.7744800186096727 2.3395398298958683 
1.7938664528569184 2.3411578012337726 
1.8132679233312796 2.3427825301761027 
1.8326841554620914 2.3444141852645513 
1.8521148746786888 2.3460529350408135 
1.8715598064104082 2.347698948046582 
1.8910186760865857 2.349352392823553 
1.9104912091365565 2.351013437913418 
1.929977130989657 2.352682251857873 
1.9494761670752214 2.354359003198611 
1.9689880428225874 2.3560438604773264 
1.988512483661089 2.3577369922357123 
2.0080492150200637 2.359438567015465 
2.027597962328845 2.3611487533582762 
2.0471584510167715 2.3628677198058416 
2.0667304065131757 2.3645956348998527 
2.0863135542473965 2.3663326671820073 
2.1059076196487667 2.368078985193996 
2.125512328146624 2.3698347574775145 
2.1451274051703026 2.371600152574256 
2.1647525761491413 2.3733753390259165 
2.184387566512472 2.3751604853741877 
2.2040321016896325 2.376955760160764 
2.223685907109959 2.3787613319273397 
2.2433487082027854 2.38057736921561 
2.2630202303974487 2.3824040405672666 
2.282700199123284 2.384241514524005 
2.302388339809628 2.3860899596275207 
2.3220843778858162 2.387949544419505 
2.3417880387811825 2.389820437441653 
2.3614990479250655 2.391702807235658 
2.3812171307467986 2.393596822343216 
2.400942012675719 2.395502651306018 
2.4206734191411616 2.397420462665762 
2.440411075572462 2.399350424964138 
2.460154707398958 2.401292706742843 
2.479904040049982 2.4032474765435685 
2.4996587989548718 2.4052149029080114 
2.5194187095429625 2.4071951543778627 
2.539183497243591 2.409188399494819 
2.5589528874860914 2.4111948068005726 
2.5787266056998 2.4132145448368183 
2.5985043773140535 2.41524778214525 
2.618285927758186 2.417294687267561 
2.6380709824615347 2.4193554287454475 
2.6578592668534347 2.4214301751206015 
2.677650506363221 2.4235190949347163 
2.6974444264202293 2.425622356729488 
2.7172407524537974 2.42774012904661 
2.73703920989326 2.4298725804277765 
2.756839524167951 2.43201987941468 
2.7766414207072088 2.4341821945490154 
2.7964446249403676 2.436359694372478 
2.816248862296764 2.43855254742676 
2.8360538582057333 2.4407609222535576 
2.85585933809661 2.442984987394562 
2.8756650273987323 2.4452249113914695 
2.8954706515414337 2.4474808627859717 
2.915275935954051 2.4497530101197658 
2.93508060606592 2.452041521934543 
2.954884387306377 2.4543465667719997 
2.9746870051047556 2.4566683131738283 
2.9944881848903937 2.459006929681723 
3.014287652092626 2.461362584837378 
3.0340851321407882 2.4637354471824877 
3.0538803504642176 2.466125685258745 
3.073673032492248 2.4685334676078456 
3.0934629036542147 2.470958962771483 
3.1132496893794546 2.47340233929135 
3.1330331150973043 2.4758637657091422 
3.152812906237099 2.4783434105665525 
3.1725887882281727 2.480841442405275 
3.192360486499862 2.483358029767004 
3.2121277264815045 2.4858933411934347 
3.231890233602434 2.488447545226259 
3.2516477332919864 2.4910208104071727 
3.2713999509794975 2.493613305277868 
3.2911466120943045 2.496225198380041 
3.3108874420657406 2.4988566582553835 
3.330622166323144 2.501507853445592 
3.350350510295848 2.5041789524923583 
3.3700721994131904 2.506870123937378 
3.389786959104506 2.5095815363223433 
3.4094945147991313 2.5123133581889507 
3.4291945919263997 2.5150657580788915 
3.44888691591565 2.5178389045338623 
3.4685712121962156 2.520632966095555 
3.4882472061974346 2.5234481113056657 
3.50791462334864 2.5262845087058867 
3.527573189079169 2.529142326837912 
3.547222628818358 2.532021734243437 
3.566862667995542 2.5349228994641555 
3.5864930320400554 2.537845991041759 
3.606113446381235 2.540791177517945 
3.625723636448418 2.5437586274344057 
3.645323327670939 2.5467485093328355 
3.6649122454781327 2.5497609917549275 
3.684490115299335 2.5527962432423768 
3.704056662563884 2.5558544323368784 
3.723611612701113 2.5589357275801246 
3.743154691140359 2.5620402975138092 
3.762685623310956 2.565168310679627 
3.782204134642243 2.568319935619273 
3.8017099505635517 2.5714953408744394 
3.8212027965042203 2.5746946949868206 
3.840682397893584 2.5779181664981112 
3.860148480160979 2.5811659239500053 
3.8796007687357412 2.5844381358841972 
3.8990389890472055 2.58773497084238 
3.9184628665247065 2.5910565973662476 
3.937872126597582 2.5944031839974944 
3.957266494695168 2.5977748992778156 
3.976645696246799 2.601171911748904 
3.9960094566818096 2.6045943899524526 
4.015357501429538 2.6080425024301572 
4.03468955591932 2.6115164177237116 
4.054005345580489 2.6150163043748096 
4.07330459584238 2.6185423309251443 
4.0925870321343325 2.62209466591641 
4.111852379885681 2.625673477890303 
4.13110036452576 2.629278935388514 
4.150330711483906 2.632911206952739 
4.169543146189453 2.636570461124671 
4.188737394071741 2.640256866446006 
4.207913180560102 2.6439705914584364 
4.227070231083872 2.647711804703655 
4.246208271072389 2.651480674723358 
4.265327025954986 2.6552773700592387 
4.284426221161001 2.6591020592529913 
4.303505582119769 2.6629549108463095 
4.322564834260623 2.666836093380887 
4.341603703012902 2.670745775398418 
4.360621913805943 2.6746841254405975 
4.379619192069079 2.6786513120491193 
4.398595263231645 2.6826475037656756 
4.417549852722979 2.686672869131962 
4.436482685972416 2.690727576689673 
4.455393488409291 2.6948117949805015 
4.47428198546294 2.6989256925461413 
4.493147902562699 2.703069437928287 
4.511990965137904 2.7072431996686337 
4.530810898617891 2.7114471463088745 
4.549607428431995 2.7156814463907017 
4.568380280009551 2.7199462684558116 
4.587129178779898 2.724241781045898 
4.605853850172368 2.728568152702654 
4.624554019616298 2.7329255519677735 
4.643229412541023 2.7373141473829516 
4.661879754375882 2.741734107489882 
4.680504770550207 2.7461856008302585 
4.699104186493334 2.7506687959457747 
4.717677727634601 2.755183861378125 
4.736225119403342 2.7597309656690037 
4.754746087228894 2.7643102773601047 
4.773240356540591 2.768921964993122 
4.791707652767771 2.773566197109749 
4.810147701339767 2.77824314225168 
4.828560227685918 2.7829529689606103 
4.846944957235557 2.787695845778233 
4.86530161541802 2.792471941246241 
4.883629927662644 2.7972814239063295 
4.901929619398763 2.802124462300193 
4.9202004160557165 2.8070012249695244 
4.938442043062834 2.8119118804560177 
4.956654225849458 2.8168565973013684 
4.974836689844921 2.8218355440472687 
4.992989160478558 2.826848889235414 
5.011111363179705 2.831896801407497 
5.029203023377696 2.836979449105213 
5.047263866501874 2.8420970008702557 
5.065293617981565 2.847249625244319 
5.083292003246112 2.852437490769096 
5.101258747724847 2.857660765986282 
5.119193576847108 2.8629196194375712 
5.13709621604223 2.8682142196646567 
5.1549663907395455 2.8735447352092325 
5.172803826368398 2.8789113346129938 
5.190608248358114 2.8843141864176323 
5.208379382138035 2.8897534591648446 
5.226116953137497 2.895229321396324 
5.24382068678583 2.900741941653763 
5.261490308512376 2.9062914884788564 
5.279125543746469 2.9118781304132995 
5.296726117917444 2.917502035998786 
5.314291756454637 2.9231633737770077 
5.331822184787382 2.928862312289661 
5.349317128345019 2.9345990200784398 
5.36677631255688 2.940373665685037 
5.384199462852302 2.946186417651146 
5.401586304660619 2.9520374445184627 
5.418936563411171 2.957926914828681 
5.436249964533291 2.9638549971234944 
5.453526233456311 2.969821859944595 
5.470765095609573 2.975827671833679 
5.487966276422411 2.9818726013324417 
5.50512950132416 2.9879568169825745 
5.522254495744154 2.994080487325772 
5.539340985111731 3.000243780903728 
5.556388694856229 3.0064468662581385 
5.573397350406978 3.0126899119306954 
5.590366677193318 3.0189730864630944 
5.6072964006445805 3.0252965583970273 
5.624186246190106 3.031660496274189 
5.641035939259229 3.038065068636275 
5.657845205281285 3.0445104440249784 
5.6746137696856085 3.0509967909819924 
5.691341357901535 3.0575242780490113 
5.708027695358402 3.0640930737677303 
5.724672507485547 3.070703346679842 
5.7412755197123 3.077355265327041 
5.757836457468 3.0840489982510206 
5.774355046181984 3.0907847139934774 
5.790831011283586 3.0975625810961027 
5.807264078202143 3.1043827681005913 
5.823653972366988 3.111245443548637 
5.840000419207461 3.1181507759819347 
5.8563031441528945 3.125098933942178 
5.872561872632624 3.1320900859710603 
5.888776330075986 3.139124400610276 
5.904946241912318 3.1462020464015197 
5.921071333570955 3.153323191886485 
5.93715133048123 3.160488005606865 
5.953185958072482 3.167696656104355 
5.969174941774044 3.1749493119206487 
5.985118007015255 3.1822461415974406 
6.0010148792254485 3.1895873136764235 
6.01686528383396 3.1969729966992917 
6.0326689462701255 3.204403359207739 
6.048425591963283 3.2118785697434618 
6.064134946342766 3.219398796848152 
6.079796734837909 3.2269642090635022 
6.0954106828780485 3.234574974931209 
6.110976515892524 3.2422312629929664 
6.126493959310667 3.249933241790468 
6.141962738561814 3.2576810798654057 
6.157382579075302 3.2654749457594754 
6.172753206280465 3.273315008014372 
6.188074345606642 3.2812014351717886 
6.203345722483164 3.289134395773418 
6.21856706233937 3.297114058360956 
6.233738090604596 3.3051405914760954 
6.248858532708175 3.3132141636605317 
6.263928114079445 3.321334943455957 
6.278946560147741 3.329503099404067 
6.293913596342398 3.337718800046554 
6.308828948092755 3.3459822139251143 
6.323692340828142 3.35429350958144 
6.338503499977901 3.3626528555572257 
6.353262150971364 3.3710604203941656 
6.367968019237867 3.3795163726339545 
6.382620830206745 3.3880208808182846 
6.397220309307337 3.396574113488851 
6.411766181968976 3.4051762391873472 
6.426258173620999 3.4138274264554678 
6.44069600969274 3.422527843834907 
6.455079415613537 3.4312776598673587 
6.469408116812724 3.4400770430945156 
6.4836818387196375 3.448926162058074 
6.497900306763613 3.457825185299726 
6.512063246373986 3.466774281361166 
6.5261703829800926 3.475773618784089 
6.540221442011267 3.484823366110188 
6.55421614889685 3.4939236918811574 
6.568154229066172 3.5030747646386913 
6.5820354079485694 3.5122767529244836 
6.59585941097338 3.5215298252802274 
6.609625963569938 3.530834150247619 
6.623334791167579 3.54018989636835 
6.636985619195642 3.5495972321841167 
6.650578173083458 3.559056326236611 
6.664112178260365 3.568567347067529 
6.677587360155699 3.578130463218562 
6.691003444198795 3.5877458432314064 
6.704360155818989 3.597413655647755 
6.717657220445618 3.6071340690093034 
6.730894363508015 3.616907251857743 
6.744071310435519 3.62673337273477 
6.757187786657461 3.636612600182077 
6.770243517603183 3.64654510274136 
6.783238228702015 3.65653104895431 
6.796171645383297 3.6665706073626243 
6.809043493076362 3.676663946507995 
6.8218534972105465 3.686811234932116 
6.834601383215187 3.6970126411766824 
6.847286876519618 3.7072683337833867 
6.859909702553176 3.7175784812939243 
6.872469586745195 3.7279432522499887 
6.884966254525015 3.738362815193275 
6.897399431321968 3.7488373386654743 
6.909768842565391 3.7593669912082843 
6.922074213684618 3.769951941363396 
6.934315270108988 3.7805923576725053 
6.946491737267834 3.791288408677305 
6.958603340590493 3.8020402629194905 
6.970649805506301 3.812848088940754 
6.982630857444593 3.823712055282792 
6.994546221834702 3.834632330487296 
7.006395624105971 3.8456090830959617 
7.0181787896877275 3.856642481650481 
7.0298954440093135 3.8677326946925517 
7.0415453125000615 3.878879890763864 
7.053128120589308 3.8900842384061134 
7.064643593706389 3.901345906160995 
7.076091457280641 3.9126650625702015 
7.087471436741397 3.924041876175427 
7.0987832575179945 3.9354765155183657 
7.11002664503977 3.946969149140712 
7.121201324736059 3.958519945584159 
7.132307022036195 3.9701290733904018 
7.143343462369517 3.981796701101133 
7.154310371165358 3.993522997258049 
7.165207473853055 4.005308130402841 
7.176034495861944 4.017152269077205 
7.18679116262136 4.029055581822834 
7.197477199560638 4.041018237181422 
7.208092332109116 4.053040403694665 
7.218636285696128 4.065122249904255 
7.229108785751011 4.077263944351886 
7.2395095577031014 4.089465655579254 
7.249838326981731 4.1017275521280485 
7.260094819016238 4.114049802539968 
7.270278759235959 4.126432575356706 
7.280389873070229 4.138876039119955 
7.290427885948382 4.15138036237141 
7.300392523299758 4.1639457136527644 
7.310283510553688 4.1765722615057115 
7.320100573139511 4.189260174471947 
7.329843436486561 4.202009621093165 
7.339511826024174 4.214820769911057 
7.349105467181689 4.22769378946732 
7.358624085388435 4.240628848303645 
7.368067406073752 4.2536261149617305 
7.377435154666976 4.266685757983266 
7.386727056597443 4.2798079459099485 
7.395942837294486 4.29299284728347 
7.405082222187444 4.306240630645526 
7.414144936705649 4.319551464537808 
7.423130706278441 4.332925517502013 
7.432039256335152 4.346362958079834 
7.44087031230512 4.359863954812965 
7.44962359961768 4.373428676243099 
7.458298843702167 4.387057290911933 
7.466895769987918 4.400749967361158 
7.475414103904269 4.414506874132469 
7.483853570880555 4.4283281797675595 
7.49221389634611 4.442214052808125 
7.5004948057302725 4.4561646617958575 
7.5086960244623775 4.470180175272453 
7.516817277971761 4.484260761779604 
7.524858291687757 4.498406589859005 
7.532818791039704 4.512617828052352 
7.540698501456934 4.5268946449013345 
7.548497148368785 4.541237208947651 
7.556214457204593 4.555645688732993 
7.563850153393695 4.570120252799055 
7.571403962365422 4.584661069687531 
7.578875609549114 4.599268307940116 
7.586264820374106 4.613942136098503 
7.593571320269735 4.628682722704387 
7.600794834665332 4.64349023629946 
7.607935088990237 4.658364845425419 
7.614991808673784 4.673306718623955 
7.621964719145309 4.688316024436764 
7.628853545834148 4.7033929314055385 
7.635658014169637 4.718537608071975 
7.642377849581112 4.733750222977765 
7.649012777497907 4.749030944664604 
7.655562523349358 4.764379941674184 
7.662026812564804 4.779797382548203 
7.668405370573575 4.79528343582835 
7.674697922805014 4.8108382700563235 
7.68090419468845 4.826462053773815 
7.687023911653222 4.842154955522519 
7.693056799128665 4.85791714384413 
7.699002582544116 4.873748787280341 
7.704860987328908 4.889650054372846 
7.7106317389123795 4.905621113663341 
7.716314562723865 4.921662133693519 
7.7219091841927 4.937773283005072 
7.727415328748221 4.953954730139697 
7.732832721819762 4.970206643639085 
7.738161088836662 4.986529192044934 
7.7434001552282545 5.002922543898935 
7.748549646423874 5.019386867742782 
7.753609287852859 5.0359223321181705 
7.758578804944544 5.052529105566794 
7.763457923128264 5.069207356630347 
7.768246367833356 5.085957253850522 
7.772943864489155 5.102778965769013 
7.7775501385249965 5.119672660927517 
7.782064915370218 5.136638507867725 
7.786487920454151 5.153676675131332 
7.790818879206137 5.170787331260032 
7.795057517055508 5.187970644795518 
7.7992035594316 5.205226784279486 
7.803256731763751 5.222555918253631 
7.8072167594812925 5.239958215259642 
7.8110833680135645 5.257433843839218 
7.814856282789901 5.274982972534051 
7.818535229239636 5.292605769885833 
7.82211993279211 5.310302404436263 
7.825610118876653 5.328073044727031 
7.829005512922604 5.345917859299831 
7.832305840359298 5.363837016696358 
7.835510826616072 5.38183068545831 
7.838620197122259 5.399899034127373 
7.841633677307198 5.418042231245248 
7.844550992600222 5.436260445353625 
7.847371868430669 5.4545538449942 
7.8500960302278715 5.472922598708665 
7.852723203421168 5.491366875038716 
7.855253113439895 5.509886842526048 
7.857685485713384 5.528482669712352 
7.860020045670975 5.547154525139323 
7.862256518742003 5.565902577348656 
7.864394630355802 5.584726994882043 
7.8664341059417096 5.603627946281183 
7.868374670929059 5.622605600087764 
7.870216050747189 5.641660124843483 
7.871957970825433 5.660791689090033 
7.873600156593128 5.68000046136911 
7.875142333479609 5.699286610222406 
7.876584226914213 5.718650304191614 
7.877925562326274 5.7380917118184325 
7.879166065145128 5.75761100164455 
7.880305460800111 5.777208342211664 
7.881343474720559 5.7968839020614675 
7.882279832335808 5.816637849735655 
7.883114259075194 5.836470353775921 
7.883846480368054 5.856381582723959 
7.884476221643719 5.876371705121461 
7.885003208331528 5.896440889510123 
7.885427165860817 5.916589304431639 
7.885747819660921 5.9368171184277045 
7.885964895161175 5.957124500040009 
7.886078117790916 5.977511617810251 
7.88608721297948 5.997978640280123 
7.885991906156202 6.018525735991319 
7.885791922750417 6.039153073485531 
7.885486988191461 6.059860821304458 
7.885076827908673 6.080649147989789 
7.884561167331382 6.10151822208322 
7.88393973188893 6.122468212126445 
7.8832122470106505 6.143499286661159 
7.88237843812588 6.164611614229056 
7.881438030663951 6.185805363371825 
7.880390750054201 6.207080702631168 
7.879236321725971 6.228437800548775 
7.877974471108587 6.249876825666338 
7.876604923631392 6.271397946525553 
7.8751274047237185 6.293001331668116 
7.8735416398149045 6.314687149635718 
7.871847354334285 6.336455568970055 
7.870044273711194 6.358306758212819 
7.868132123374968 6.380240885905707 
7.866110628754945 6.402258120590409 
7.863979515280457 6.424358630808625 
7.861738508380842 6.446542585102041 
7.8593873334854365 6.468810152012359 
7.856925716023575 6.491161500081266 
7.854353381424592 6.513596797850462 
7.851670055117826 6.536116213861637 
7.848875462532612 6.558719916656488 
7.845969329098283 6.581408074776704 
7.842951380244179 6.6041808567639855 
7.839821341399629 6.62703843116002 
7.836578937993977 6.64998096650651 
7.833223895456554 6.673008631345142 
7.829755939216698 6.696121594217613 
7.826174794703741 6.719320023665617 
7.822480187347024 6.742604088230845 
7.818671842575878 6.765973956454996 
7.814749485819641 6.789429796879761 
7.810712842507648 6.812971778046834 
7.806561638069235 6.836600068497909 
7.802295597933739 6.860314836774683 
7.797914447530493 6.884116251418846 
7.7934179122888345 6.908004480972095 
7.7888057176381 6.931979693976121 
7.784077589007625 6.956042058972622 
7.779233251826742 6.980191744503287 
7.774272431524791 7.004428919109817 
7.769194853531106 7.0287537513338965 
7.764000243275023 7.053166409717229 
7.758688326185875 7.077667062801501 
7.753258827693001 7.102255879128412 
7.7477114732257375 7.126933027239653 
7.742045988213418 7.151698675676921 
7.736262098085378 7.176552992981905 
7.730359528270954 7.201496147696304 
7.724338004199483 7.226528308361811 
7.718197251300298 7.251649643520116 
7.711936995002736 7.276860321712917 
7.705556960736136 7.302160511481908 
7.699056873929827 7.327550381368781 
7.69243646001315 7.35303009991523 
7.68569544441544 7.378599835662953 
7.678833552566031 7.404259757153639 
7.671850509894259 7.430010032928985 
7.664746041829463 7.455850831530683 
7.6575198738009735 7.48178232150043 
7.65017173123813 7.507804671379917 
7.642701339570266 7.53391804971084 
7.635108424226719 7.560122625034891 
7.627392710636825 7.586418565893767 
7.619553924229917 7.612806040829158 
7.611591790435335 7.639285218382763 
7.603506034682409 7.66585626709627 
7.59529638240048 7.692519355511379 
7.586962559018881 7.71927465216978 
7.578504289966949 7.746122325613169 
7.569921300674019 7.77306254438324 
7.561213316569426 7.800095477021686 
7.5523800630825075 7.827221292070202 
7.543421265642597 7.854440158070479 
7.534336649679034 7.881752243564216 
7.525125940621149 7.909157717093102 
7.515788863898282 7.936656747198836 
7.506325144939767 7.964249502423108 
7.496734509174941 7.991936151307616 
7.487016682033138 8.019716862394048 
7.477171388943694 8.047591804224103 
7.467198355335946 8.075561145339474 
7.457097306639227 8.103625054281855 
7.446867968282878 8.131783699592942 
7.436510065696231 8.16003724981442 
7.42602332430862 8.188385873487995 
7.415407469549381 8.216829739155353 
