3.0333522172592637 3.1656521148176204 
3.0371911622002137 3.1737543732930353 
3.0410212901500757 3.1820933192443825 
3.044842259856431 3.1906670721657506 
3.048653730066863 3.1994737515512313 
3.052455359528955 3.2085114768949174 
3.0562468069902904 3.217778367690897 
3.0600277311984514 3.2272725434332608 
3.063797790901022 3.2369921236161026 
3.0675566448455864 3.2469352277335113 
3.0713039517797265 3.2570999752795773 
3.075039370451025 3.267484485748392 
3.0787625596070662 3.2780868786340465 
3.0824731779954324 3.288905273430631 
3.086170884363707 3.2999377896322377 
3.089855337459474 3.3111825467329563 
3.093526196030315 3.3226376642268765 
3.0971831188238137 3.3343012616080903 
3.100825764587555 3.3461714583706903 
3.10445379206912 3.3582463740087642 
3.1080668600160917 3.3705241280164047 
3.1116646271760544 3.383002839887701 
3.115246752296592 3.395680629116747 
3.118812894125285 3.408555615197631 
3.1223627114097185 3.4216259176244437 
3.125895862897476 3.434889655891278 
3.12941200733614 3.448344949492222 
3.132910803473292 3.4619899179213682 
3.1363919100565187 3.475822680672808 
3.1398549858334 3.4898413572406306 
3.143299689551521 3.5040440671189272 
3.146725679958464 3.5184289298017903 
3.150132615801813 3.5329940647833094 
3.15352015582915 3.547737591557574 
3.156887958788058 3.562657629618677 
3.160235683426123 3.5777522984607093 
3.1635629884909244 3.59301971757776 
3.1668695327300473 3.6084580064639207 
3.1701549748910747 3.6240652846132835 
3.1734189737215885 3.639839671519937 
3.1766611879691746 3.6557792866779732 
3.1798812763814146 3.671882249581485 
3.1830788977058906 3.6881466797245586 
3.186253710690187 3.7045706966012886 
3.189405374081888 3.721152419705765 
3.1925335466285736 3.7378899685320763 
3.19563788707783 3.7547814625743157 
3.1987180541772378 3.7718250213265745 
3.201773706674383 3.7890187642829414 
3.2048045033168475 3.80636081093751 
3.207810102852214 3.8238492807843696 
3.2107901640280656 3.8414822933176094 
3.2137443455919863 3.8592579680313226 
3.216672306291558 3.8771744244195983 
3.2195737048743656 3.8952297819765302 
3.22244820008799 3.9134221601962054 
3.2252954506800164 3.931749678572716 
3.228115115398028 3.9502104566001552 
3.2309068529896066 3.968802613772611 
3.233670322202335 3.987524269584175 
3.2364051817837978 4.006373543528937 
3.2391110904815785 4.025348555100992 
3.241787707043259 4.044447423794426 
3.2444346902164236 4.063668269103333 
3.247051698748654 4.0830092105218005 
3.249638391387533 4.102468367543922 
3.252194426880646 4.122043859663789 
3.254719463975576 4.14173380637549 
3.257213161419904 4.161536327173116 
3.2596751779612143 4.181449541550759 
3.2621051723470913 4.2014715690025115 
3.264502803325115 4.221600529022458 
3.2668677296428714 4.241834541104696 
3.2691996100479424 4.262171724743315 
3.271498103287913 4.282610199432404 
3.273762868110363 4.303148084666054 
3.2759935632628796 4.323783499938358 
3.2781898474930418 4.344514564743403 
3.2803513795484367 4.3653393985752835 
3.282477818176644 4.386256120928088 
3.2845688221252494 4.40726285129591 
3.2866240501418345 4.428357709172836 
3.288643160973983 4.449538814052961 
3.2906258133692785 4.470804285430374 
3.2925716660753035 4.492152242799166 
3.294480377839641 4.513580805653427 
3.2963516074098753 4.535088093487249 
3.298185013533589 4.556672225794723 
3.299980254958365 4.578331322069938 
3.301736990431786 4.600063501806988 
3.303454878701436 4.621866884499961 
3.305133578514898 4.643739589642949 
3.3067727486197542 4.665679736730042 
3.3083720477635894 4.687685445255332 
3.309931134693987 4.70975483471291 
3.311449668158529 4.731886024596867 
3.3129273069047973 4.754077134401291 
3.314363709680376 4.776326283620274 
3.31575853523285 4.79863159174791 
3.3171114423098 4.820991178278285 
3.318422089658812 4.843403162705494 
3.3196901360274667 4.865865664523625 
3.320915240163348 4.888376803226771 
3.3220970608140385 4.9109346983090205 
3.323235256727123 4.933537469264466 
3.3243294866501834 4.956183235587197 
3.3253794093308024 4.978870116771307 
3.326384683516565 5.001596232310885 
3.327344967955053 5.024359701700021 
3.3282599213938493 5.047158644432806 
3.3291292025805372 5.069991180003332 
3.3299524702627 5.092855427905689 
3.330729383187922 5.11574950763397 
3.3314596001037855 5.138671538682263 
3.3321427797578735 5.161619640544658 
3.3327785808977692 5.18459193271525 
3.333366662271055 5.207586534688127 
3.3339066826253156 5.23060156595738 
3.334398300708133 5.253635146017098 
3.3348411752670906 5.276685394361377 
3.3352349650497732 5.299750430484304 
3.335579328803762 5.322828373879971 
3.3358739252766405 5.345917344042467 
3.336118413215991 5.369015460465884 
3.3363124513693974 5.392120842644314 
3.336455698484444 5.415231610071845 
3.3365478133087145 5.438345882242573 
3.33658845458979 5.461461778650586 
3.336577281075254 5.484577418789971 
3.336513951512689 5.507690922154824 
3.33639812464968 5.530800408239233 
3.336229459233809 5.55390399653729 
3.3360076140126593 5.576999806543086 
3.3357322477338154 5.6000859577507125 
3.3354030191448594 5.623160569654259 
3.3350195869933734 5.6462217617478165 
3.334581610026941 5.669267653525475 
3.3340887469931455 5.692296364481326 
3.3335406566395727 5.715306014109462 
3.332936997713802 5.738294721903973 
3.332277428963418 5.761260607358949 
3.3315616091360054 5.78420178996848 
3.3307891969791443 5.807116389226658 
3.32995985124042 5.830002524627575 
3.3290732306674142 5.852858315665318 
3.3281289940077117 5.875681881833983 
3.327126800008896 5.898471342627657 
3.3260663074185484 5.921224817540433 
3.3249471749842527 5.9439404260664 
3.3237690614535924 5.966616287699651 
3.3225316255741495 5.989250521934274 
3.3212345260935083 6.0118412482643615 
3.3198774217592537 6.034386586184005 
3.3184599713189655 6.056884655187295 
3.316981833520229 6.079333574768321 
3.3154426671106254 6.1017314644211735 
3.3138421308377404 6.1240764436399475 
3.3121798834491543 6.146366631918726 
3.3104555836924536 6.16860014875161 
3.3086688903152184 6.190775113632682 
3.306819462065035 6.212889646056038 
3.304906957689483 6.234941865515764 
3.3029310359361475 6.256929891505955 
3.3008913555526114 6.278851843520699 
3.2987875752864584 6.300705841054089 
3.296619353885272 6.322490003600215 
3.2943863500966337 6.344202450653169 
3.292088222668128 6.36584130170704 
3.289724630347336 6.387404676255918 
3.287295231881844 6.408890693793896 
3.284799686019232 6.430297473815063 
3.2822376515070864 6.451623135813513 
3.2796087870929878 6.472865799283333 
3.2769127515245215 6.494023583718618 
3.2741492035492685 6.515094608613455 
3.271317801914812 6.5360769934619345 
3.2684182053687376 6.55696885775815 
3.265450072658626 6.577768320996192 
3.2624130625320618 6.598473502670149 
3.2593068337366273 6.619082522274116 
3.2561310450199064 6.639593499302181 
3.252885355129481 6.6600045532484335 
3.249569422812936 6.680313803606967 
3.246182906817853 6.700519369871873 
3.242725465891816 6.7206193715372375 
3.239196758782408 6.740611928097155 
3.235596444237212 6.760495159045718 
3.231924181003812 6.780267183877013 
3.2281796278297903 6.799926122085133 
3.22436244346273 6.8194700931641705 
3.2204722866502147 6.838897216608213 
3.2165088161398265 6.858205611911353 
3.212471690679151 6.8773933985676825 
3.208360569015769 6.89645869607129 
3.2041751098972644 6.915399623916269 
3.1999149720712197 6.934214301596706 
3.1955798142852196 6.952900848606696 
3.191169295286847 6.971457384440329 
3.186683073823683 6.989882028591695 
3.1821208086433126 7.008172900554883 
3.1774821584933197 7.0263281198239875 
3.172766782121286 7.044345805893099 
3.1679743382747945 7.062224078256305 
3.163104485701429 7.079961056407699 
3.1581568831487727 7.097554859841371 
3.1531311893644087 7.115003608051413 
3.14802706309592 7.132305420531913 
3.1428441630908894 7.149458416776964 
3.1375821480969 7.166460716280658 
3.132240676861537 7.183310438537084 
3.1268194081323815 7.200005703040331 
3.1213180006570167 7.216544629284494 
3.1157361131830266 7.232925336763662 
3.110073404457994 7.249145944971923 
3.1043295332295022 7.265204573403373 
3.0985041582451336 7.281099341552099 
3.092596938252473 7.296828368912194 
3.086607531999102 7.312389774977748 
3.0805355982326037 7.32778167924285 
3.074380795700563 7.343002201201594 
3.0681427831505608 7.358049460348068 
3.061821219330182 7.372921576176368 
3.0554157629870096 7.387616668180577 
3.0489260728686256 7.402132855854791 
3.042351807722614 7.416468258693101 
3.035692626296558 7.430620996189594 
3.02894818733804 7.444589187838365 
3.0221181495946445 7.458370953133503 
3.0152021718139532 7.4719644115691 
3.008199912743551 7.485367682639244 
3.001111031131019 7.498578885838029 
2.9939351857239416 7.5115961406595435 
2.986672035269902 7.524417566597879 
2.979321238516483 7.537041283147127 
2.9718824542112685 7.54946540980138 
2.9643553411018404 7.561688066054724 
2.956739557935782 7.5737073714012535 
2.9490347634606775 7.5855214453350595 
2.94124061642411 7.597128407350231 
2.9333567755736616 7.608526376940858 
2.925382899656916 7.619713473601037 
2.9173186474214563 7.6306878168248495 
2.9091636776148664 7.641447526106395 
2.900917648984729 7.651990720939761 
2.892580220278626 7.662315520819036 
2.8841510502441423 7.672420045238313 
2.87562979762886 7.682302413691684 
2.8670161211803626 7.6919607456732395 
2.8583096796462337 7.701393160677069 
2.849510131774056 7.710597778197265 
2.840617136311413 7.719572717727915 
2.831630352005887 7.728316098763114 
2.822549437605063 7.736826040796949 
2.813374051856522 7.745100663323513 
2.8041038535078475 7.753138085836897 
2.7947385013066244 7.760936427831192 
2.785277654000434 7.768493808800486 
2.7757209703368604 7.775808348238874 
2.766068109063487 7.782878165640444 
2.756318728927896 7.789701380499286 
2.7464724886776706 7.796276112309496 
2.736529047060395 7.802600480565157 
2.7264880628236514 7.808672604760367 
2.716349194715024 7.8144906043892135 
2.706112101482095 7.820052598945786 
2.6957764418724475 7.82535670792418 
2.6853418746336657 7.830401050818482 
2.6748080585133316 7.835183747122785 
2.664174652259028 7.839702916331178 
2.65344131461834 7.8439566779377525 
2.6426077043388494 7.8479431514366 
2.63167348016814 7.851660456321812 
2.6206383008537943 7.855106712087477 
2.6095018251433957 7.858280038227687 
2.5982637117845275 7.861178554236534 
2.586923619524773 7.863800379608109 
2.5754812071117144 7.866143633836499 
2.563936133292936 7.868206436415798 
2.5522880568160207 7.869986906840099 
2.540536636428551 7.871483164603488 
2.528681530878111 7.872693329200057 
2.5167223989122838 7.8736155201238995 
2.504658899278651 7.874247856869104 
2.492490690724798 7.874588458929762 
2.480217431998307 7.874635445799965 
2.4678387818467598 7.874386936973801 
2.4553543990177418 7.873841051945365 
2.442763942258835 7.872995910208745 
2.430067070317623 7.871849631258032 
2.4172634419416883 7.870400334587318 
2.4043527158786144 7.868646139690693 
2.3913345508759853 7.866585166062249 
2.378208605681383 7.8642155331960755 
2.364974539042391 7.861535360586261 
2.351632009706593 7.858542767726902 
2.3381806764215707 7.855235874112086 
2.3246201979349084 7.8516127992359035 
2.31095023299419 7.847671662592447 
2.297170440346997 7.843410583675805 
2.283280478740913 7.838827681980071 
2.269280006923523 7.833921076999334 
2.255168683642407 7.828688888227685 
2.2409461676451503 7.8231292351592145 
2.2266121176793363 7.817240237288015 
2.2121661924925466 7.811020014108177 
2.197608050832365 7.804466685113789 
2.1829373514463755 7.797578369798943 
2.1681537530821604 7.7903531876577325 
2.1532569144873026 7.782789258184245 
2.1382464944093864 7.7748847008725726 
2.1231221515959944 7.766637635216805 
2.107883544794709 7.758046180711034 
2.0925303327531144 7.749108456849352 
2.077062174218794 7.739822583125848 
2.061478727939329 7.730186679034611 
2.045779652662304 7.7201988640697365 
2.0299646071353035 7.70985725772531 
2.014033250105908 7.699159979495427 
1.997985240321702 7.688105148874175 
1.9818202365302682 7.676690885355647 
1.9655378974791913 7.664915308433933 
1.949137881916052 7.652776537603124 
1.9326198485884354 7.64027269235731 
1.9159834562439244 7.6274018921905835 
1.8992283636301008 7.614162256597034 
1.882354229494549 7.600551905070751 
1.8653607125848524 7.58656895710583 
1.8482474716485928 7.572211532196357 
1.8310141654333545 7.5574777498364245 
1.813660452686721 7.542365729520124 
1.796185992156274 7.526873590741546 
1.7785904425895973 7.510999452994779 
1.7608734627342744 7.494741435773917 
1.7430347113378888 7.478097658573051 
1.7250738471480227 7.46106624088627 
1.7069905289122598 7.443645302207665 
1.6887844153781837 7.425832962031328 
1.6704551652933763 7.407627339851348 
1.6520024374054212 7.389026555161816 
1.6334258904619032 7.370028727456827 
1.614725183210403 7.350631976230466 
1.5958999743985052 7.330834420976827 
1.5769499227737929 7.31063418119 
1.5578746870838485 7.290029376364076 
1.5386739260762556 7.269018125993146 
1.5193472984985974 7.2475985495713005 
1.4998944630984579 7.225768766592631 
1.4803150786234187 7.203526896551227 
1.4606088038210634 7.18087105894118 
1.4407752974389765 7.157799373256583 
1.4208142182247394 7.134309958991523 
1.4007252249259359 7.110400935640093 
1.3805079762901493 7.086070422696383 
1.3601621310649625 7.061316539654484 
