34.914314431158715 29.959199586489195 
34.51841804576874 30.955871951765875 
34.28651631870838 31.9440328618249 
34.192614543786824 32.92432336725039 
34.21071801481323 33.89738451862643 
34.314832025596765 34.863857366537125 
34.478961869946616 35.824382961566585 
34.67711284167191 36.77960235429887 
34.88329023458184 37.7301565953181 
35.07149934248557 38.676686735208385 
35.21574545919226 39.6198338245538 
35.29003387851109 40.56023891393845 
35.26844101804883 41.498543189303895 
35.140121540509654 42.43541653237421 
34.92787166487628 43.37159284895433 
34.65903953317962 44.30781470772686 
34.36097328745068 45.24482467737449 
34.06102106972039 46.183365326579825 
33.78653102201973 47.12417922402554 
33.564851286379636 48.06800893839426 
33.42333000483109 49.015597038368654 
33.38180767817057 49.96774668807299 
33.430094242256736 50.92550343339816 
33.55049199171376 51.889973415676664 
33.72530322116585 52.86226277624104 
33.93683022523718 53.84347765642379 
34.16737529855195 54.834724197557456 
34.39924073573434 55.837108540974526 
34.61472883140853 56.85173682800753 
34.79614188019872 57.879715199989 
34.925831400121105 58.92032908195059 
34.986512700823596 59.95940766751327 
34.96106414444017 60.97674902755147 
34.83236486222029 61.95212278424746 
34.58329398541342 62.865298559783454 
34.19673064526906 63.69604597634172 
33.655553973036646 64.4241346561045 
32.94264309996569 65.02933422125406 
32.040877157305644 65.49141429397262 
30.933135276305986 65.79014449644247 
