25.038804679675437 29.9287988519965 
24.370570720932 30.81471569738052 
23.79315197410224 31.71259970537438 
23.30039793931427 32.621850869304126 
22.886158116696247 33.54186918249591 
22.544282006376307 34.47205463827578 
22.268619108482575 35.41180722996986 
22.05301892314322 36.36052695090425 
21.891330950486346 37.31761379440504 
21.777404690640115 38.28246775379832 
21.705089643732666 39.25448882241021 
21.668235309892136 40.2330769935668 
21.660691189246663 41.21763226059417 
21.676306781924378 42.207554616818435 
21.708931588053435 43.202244055565686 
21.752415107761962 44.20110057016201 
21.800606841178105 45.20352415393353 
21.847356288430007 46.20891480020633 
21.88651294964579 47.2166725023065 
21.911926324953615 48.226197253560144 
21.917445914481615 49.23688904729338 
21.89711727146221 50.2481286655026 
21.852607513556798 51.25855004974268 
21.79548444019306 52.265816969419426 
21.73797753002563 53.26752835570093 
21.69231626170912 54.26128313975526 
21.670730113898173 55.24468025275053 
21.68544856524741 56.215318625854806 
21.748701094411455 57.17079719023622 
21.872717180044944 58.10871487706283 
22.0697263008025 59.02667061750275 
22.35106379173726 59.921641480900355 
22.72145670784767 60.78600858905951 
23.182670253452248 61.61009314649313 
23.736455661875727 62.38420664112308 
24.384564166442864 63.098660560871274 
25.1287470004784 63.743766393659634 
25.970755397307087 64.30983562741005 
26.912340590253656 64.78717975004443 
27.955253812642873 65.16611024948472 
