0.8065961494042156 2.059921594244495 
0.8603770959984195 2.146039375192365 
0.9131453291400531 2.232566508140295 
0.9649379379595883 2.319473138135688 
1.0157920115874959 2.4067294102259464 
1.0657446391542484 2.4943054694584728 
1.1148329097903167 2.582171460880669 
1.1630939126261728 2.6702975295399374 
1.2105647367922876 2.7586538204836812 
1.257282471419133 2.8472104787593024 
1.3032842056371805 2.9359376494142015 
1.3486070285769014 3.024805477495785 
1.3932880293687677 3.1137841080514512 
1.4373642971432505 3.2028436861286056 
1.4808729210308218 3.2919543567746494 
1.5238509901619524 3.3810862650369837 
1.5663355936671146 3.470209555963013 
1.6083638206767785 3.559294374600138 
1.649972760321417 3.6483108659957617 
1.6911995017315018 3.7372291751972875 
1.7320811340375035 3.826019447252116 
1.7726547463698938 3.9146518272076514 
1.8129574278591447 4.003096460111294 
1.8530262676357274 4.091323491010448 
1.8928983548301135 4.179303064952516 
1.9326107785727744 4.2670053269849 
1.9722006279941815 4.354400422155 
2.0117049922248067 4.441458495510221 
2.051160960395122 4.5281496920979665 
2.0906056216355973 4.614444156965637 
2.130076065076705 4.700312035160633 
2.169609379848917 4.7857234717303605 
2.2092426550827047 4.870648611722219 
2.249012979908539 4.955057600183613 
2.2889574434568916 5.0389205821619445 
2.329113134858235 5.122207702704615 
2.3695171432430397 5.204889106859028 
2.410206557741778 5.286934939672585 
2.45121846748492 5.36831534619269 
2.4925899616029388 5.449000471466742 
2.5343581292263053 5.528960460542147 
2.576560059485491 5.608165458466307 
2.6192328415109674 5.686585610286622 
2.662413564433206 5.7641910610504965 
2.7061393173826778 5.8409519558053296 
2.750447189489855 5.9168384395985285 
2.795374269885209 5.9918206574774935 
2.8409576476992116 6.0658687544896255 
2.8872344120623343 6.13895287568233 
2.934241652105048 6.211043166103006 
2.9820164569578247 6.2821097707990585 
3.0305959157511357 6.352122834817889 
3.080017117615453 6.4210525032069 
3.130317151681247 6.488868921013491 
3.18153310707899 6.5555422332850695 
3.2337020729391543 6.621042585069036 
3.2868611383922106 6.685340121412793 
3.3410473925686297 6.74840498736374 
3.3962979245988834 6.810207327969282 
3.452649823613444 6.870717288276822 
3.510140178742783 6.9299050133337605 
3.5688060791173726 6.987740648187502 
3.6286846138676827 7.044194337885449 
3.6898128721241843 7.099236227475 
3.752227943017351 7.152836462003561 
3.8159669156776532 7.204965186518534 
3.8810668792355623 7.255592546067319 
3.9475649228215497 7.304688685697323 
4.015498135566089 7.352223750455945 
4.084903606599649 7.398167885390587 
4.155818425052702 7.442491235548653 
4.228279680055721 7.485163945977545 
4.302324460739175 7.526156161724664 
4.377989856233538 7.565438027837416 
4.45531295566928 7.6029796893632 
4.5343308481768725 7.638751291349418 
4.615080622886786 7.672722978843474 
4.697599368929496 7.704864896892773 
4.781924175435471 7.735147190544713 
4.868092131535182 7.763540004846697 
4.956140326359101 7.7900134848461295 
5.046105849037702 7.814537775590412 
5.138025788701453 7.837083022126947 
5.231937234480828 7.857619369503137 
5.327877275506296 7.876116962766382 
5.425883000908331 7.892545946964088 
5.525991499817404 7.906876467143654 
5.628239861363987 7.919078668352485 
5.732665174678548 7.929122695637984 
5.839304528891564 7.936978694047551 
5.948195013133501 7.942616808628588 
6.059373716534835 7.946007184428501 
6.172877728226036 7.94711996649469 
6.288744137337574 7.945925299874556 
6.407010032999922 7.942393329615504 
6.52771250434355 7.936494200764935 
