0.9906269041024859 2.998545733703332 
1.0891527635354736 3.0370029360646673 
1.1851754544376285 3.0784543571378733 
1.2787058360061638 3.122823592411522 
1.369754767438294 3.170034237374181 
1.458333107931232 3.220009887514421 
1.5444517166821923 3.2726741383208116 
1.6281214528883885 3.327950585281923 
1.709353175747034 3.3857628238863224 
1.7881577444553425 3.446034449622581 
1.8645460182105273 3.5086890579792667 
1.938528856209803 3.573650244444951 
2.0101171176503834 3.640841604508204 
2.079321661729481 3.7101867336575927 
2.146153347644311 3.781609227381688 
2.210623034592086 3.8550326811690585 
2.2727415817700205 3.930380690508275 
2.3325198483753273 4.007576850887906 
2.389968693605221 4.086544757796522 
2.4450989766569142 4.167208006722691 
2.497921556727622 4.249490193154984 
2.548447293014558 4.3333149125819705 
2.596687044714934 4.418605760492219 
2.6426516710259667 4.5052863323743 
2.6863520311448674 4.593280223716783 
2.727798984268851 4.682511030008236 
2.7670033895951307 4.77290234673723 
2.8039761063209205 4.864377769392334 
2.8387279936434338 4.9568608934621174 
2.8712699107598847 5.050275314435151 
2.9016127168674863 5.144544627800002 
2.9297672711634535 5.239592429045242 
2.9557444328449987 5.3353423136594404 
2.9795550611093367 5.431717877131165 
3.00121001515368 5.528642714948987 
3.020720154175244 5.626040422601475 
3.0380963373712406 5.723834595577198 
3.0533494239388848 5.821948829364728 
3.0664902730753894 5.920306719452631 
3.077529743977969 6.018831861329479 
3.0864786958438364 6.117447850483841 
3.093347987870207 6.216078282404287 
3.098148479254293 6.314646752579386 
3.1008910291933076 6.413076856497708 
