0.9674145810117938 2.202194329017931 
1.0670922220428354 2.1658321217474725 
1.1671569317976318 2.1314200893222006 
1.267577527964237 2.0989470237633725 
1.3683228282307076 2.068401717092246 
1.4693616502850961 2.0397729613300752 
1.5706628118154597 2.01304954849812 
1.6721951305098521 1.9882202706176353 
1.773927424056329 1.9652739197098787 
1.8758285101429444 1.9441992877961063 
1.9778672064577532 1.9249851668975748 
2.080012330688812 1.9076203490355423 
2.1822327005241724 1.8920936262312642 
2.2844971336518936 1.8783937905059984 
2.3867744477600272 1.8665096338810003 
2.489033460536629 1.8564299483775277 
2.5912429896697544 1.8481435260168373 
2.693371852847459 1.841639158820186 
2.795388867757796 1.8369056388088294 
2.8972628520888213 1.8339317580040257 
2.9989626235285893 1.8327063084270314 
3.100456999765155 1.8332180820991026 
3.201714798486575 1.8354558710414972 
3.302704837380901 1.8394084672754705 
3.403395934136191 1.8450646628222804 
3.503756906440498 1.8524132497031836 
3.603756571981878 1.861443019939437 
3.703363748448385 1.8721427655522962 
3.802547253528074 1.884501278563019 
3.9012759049090002 1.898507350992862 
3.9995185202792207 1.9141497748630827 
4.097243917326787 1.931417342194937 
4.194420913739754 1.9502988450096812 
4.29101832720618 1.9707830753285729 
4.387004975414117 1.9928588251728692 
4.482349676051621 2.0165148865638263 
4.577021246806747 2.0417400515227007 
4.670988505367549 2.06852311207075 
4.764220269422082 2.0968528602292302 
4.856685356658403 2.126718088019399 
4.9483525847645655 2.158107587462512 
5.039190771428623 2.1910101505798267 
5.1291687343386325 2.2254145693926 
5.218255291182647 2.2613096359220886 
5.306419259648726 2.298684142189549 
5.393629457424918 2.3375268802162386 
5.4798547021992805 2.377826642023413 
5.565063811659869 2.4195722196323297 
5.64922560349474 2.4627524050642458 
5.732308895391947 2.507355990340418 
5.814282505039543 2.5533717674821026 
5.895115250125584 2.6007885285105563 
5.974775948338126 2.6495950654470364 
6.053233417365225 2.6997801703128004 
6.130456474894934 2.7513326351291036 
6.206413938615307 2.804241251917203 
6.281074626214398 2.8584948126983556 
6.354407355380267 2.914082109493819 
6.426380943800965 2.970991934324849 
6.496964209164549 3.0292130792127026 
6.566125969159072 3.0887343361786375 
6.633835041472589 3.149544497243908 
6.700060243793156 3.2116323544297742 
6.764770393808828 3.2749866997574903 
6.827934309207659 3.3395963252483147 
6.889520807677704 3.405450022923503 
6.949498706907019 3.4725365848043124 
7.007836824583659 3.5408448029120008 
7.064503978395678 3.6103634692678224 
7.11946898603113 3.6810813758930365 
7.172700665178069 3.752987314808898 
7.224167833524556 3.826070078036666 
7.273839308758641 3.900318457597595 
7.321683908568377 3.975721245512943 
7.367670450641823 4.052267233803967 
7.411767752667034 4.129945214491922 
7.453944632332062 4.208743979598067 
7.494169907324963 4.2886523211436565 
7.532412395333794 4.369659031149949 
7.5686409140466075 4.451752901638201 
7.602824281151458 4.534922724629671 
7.634931314336404 4.619157292145612 
7.664930831289495 4.704445396207283 
7.692791649698791 4.790775828835941 
7.718482587252344 4.878137382052841 
7.74197246163821 4.966518847879241 
7.763230090544445 5.055909018336399 
7.7822242916591 5.146296685445571 
7.798923882670234 5.237670641228013 
7.813297681265901 5.330019677704982 
7.825314505134154 5.423332586897736 
7.834943171963051 5.517598160827529 
7.842152499440644 5.612805191515621 
7.846911305254988 5.708942470983265 
7.8491884070941405 5.8059987912517235 
7.848952622646154 5.903962944342245 
7.846172769599086 6.002823722276096 
7.840817665640987 6.102569917074527 
7.832856128459918 6.203190320758796 
7.822256975743929 6.30467372535016 
7.808989025181077 6.407008922869876 
7.793021094459415 6.5101847053392 
7.774322001267001 6.614189864779389 
7.752860563291888 6.719013193211701 
7.7286055982221304 6.824643482657392 
7.701525923745784 6.931069525137719 
7.671590357550905 7.038280112673939 
7.638767717325546 7.146264037287306 
7.603026820757763 7.2550100909990825 
7.564336485535611 7.3645070658305185 
7.522665529347144 7.474743753802875 
7.477982769880418 7.585708946937408 
7.430257024823488 7.697391437255376 
7.379457111864407 7.809780016778032 
7.325551848691233 7.922863477526635 
