2.9898007612905673 3.007845111402821 
3.0313437683103683 3.094778450664342 
3.069604505326166 3.1831955458143297 
3.1046132178011834 3.272985914845787 
3.1364001511986523 3.3640390757517147 
3.1649955509818017 3.456244546525119 
3.1904296626138557 3.549491845159 
3.2127327315580465 3.6436704896463623 
3.2319350032776 3.738669997980208 
3.2480667232357456 3.834379888153543 
3.261158136895711 3.930689678159367 
3.2712394897207244 4.027488885990684 
3.2783410271740134 4.124667029640497 
3.282492994718807 4.222113627101809 
3.283725637818333 4.319718196367622 
3.2820692019358195 4.417370255430943 
3.277553932534496 4.514959322284771 
3.27021007507759 4.6123749149221105 
3.2600678750283283 4.709506551335965 
3.24715757784994 4.806243749519334 
3.231509429005654 4.902476027465226 
3.213153673958697 4.99809290316664 
3.1921205581722996 5.092983894616581 
3.1684403271096873 5.187038519808051 
3.1421432262340905 5.2801462967340544 
3.113259501008735 5.372196743387593 
3.0818193968968517 5.4630793777616695 
3.0478531593616673 5.552683717849289 
3.0113910338664094 5.640899281643451 
2.9724632658743078 5.727615587137162 
2.931100100848589 5.812722152323422 
2.887331784252482 5.8961084951952385 
2.841188561549216 5.977664133745609 
2.792700678202017 6.0572785859675395 
2.741898379674116 6.134841369854033 
2.6888119114287385 6.210242003398093 
2.633471518929114 6.283370004592721 
2.5759074476384707 6.354114891430921 
2.516149943020036 6.422366181905696 
2.454229250537039 6.488013394010047 
2.3901756156527076 6.550946045736982 
2.3240192838302707 6.611053655079499 
2.2557905005329553 6.6682257400306035 
2.1855195112239896 6.722351818583297 
2.113236561366602 6.773321408730583 
2.0389718964240213 6.821024028465466 
1.9627557618594755 6.865349195780949 
1.884618403136193 6.906186428670032 
1.8045900657174008 6.943425245125719 
1.7227009950663281 6.976955163141017 
1.6389814366462032 7.006665700708925 
1.5534616359202538 7.032446375822447 
1.466171838351708 7.054186706474586 
