0.9909664381777427 2.9912844264376224 
1.105589353070526 3.024764246500118 
1.2113035199450668 3.064156243842058 
1.3085288780536581 3.1091860046043025 
1.3976853666485896 3.159579114927707 
1.4791929249821545 3.2150611609531308 
1.5534714923066433 3.2753577288214313 
1.6209410078743467 3.340194404673463 
1.6820214109375584 3.4092967746500884 
1.7371326407485677 3.482390424892162 
1.7866946365596668 3.559200941540543 
1.8311273376231478 3.639453910736087 
1.8708506831913014 3.7228749186196546 
1.9062846125164201 3.8091895513321012 
1.9378490648507933 3.898123395014283 
1.9659639794467152 3.9894020358070614 
1.9910492955564756 4.082751059851293 
2.0135249524323653 4.177896053287832 
2.0338108893266775 4.274562602257539 
2.0523270454917037 4.372476292901274 
2.0694933601797336 4.471362711359889 
2.0857297726430595 4.570947443774245 
2.101456222133974 4.670956076285201 
2.117092647904767 4.771114195033611 
2.133058989207731 4.8711473861603345 
2.149775185295157 4.970781235806229 
2.1676611754193367 5.069741330112153 
2.1871368988325615 5.167753255218962 
2.2086222947871224 5.264542597267514 
2.2325373025353117 5.359834942398669 
2.2593018613294205 5.453355876753282 
2.28933591042174 5.5448309864722125 
2.323059389064562 5.633985857696317 
2.3608922365101783 5.720546076566453 
2.4032543920108798 5.80423722922348 
2.4505657948189583 5.884784901808253 
2.5032463841867054 5.96191468046163 
2.5617160993664116 6.035352151324471 
2.6263948796103693 6.104822900537629 
2.6977026641708703 6.170052514241966 
2.7760593923002053 6.23076657857834 
2.8618850032506655 6.286690679687605 
2.955599436274544 6.3375504037106225 
3.0576226306241305 6.383071336788246 
3.168374525551718 6.4229790650613365 
3.288275060309597 6.45699917467075 
